# WaveFront *.obj file (generated by CINEMA 4D)

mtllib ./plantebakken-met-gras.mtl

v -308.44387817382812 139.06214904785156 10.75966835021973
v -305.60385131835938 139.06214904785156 7.33603715896606
v -305.77685546875 122.26785278320312 7.54459190368652
v -308.2708740234375 122.26785278320312 10.55111312866211
v -308.55145263671875 150.46910095214844 10.88935375213623
v -305.49624633789062 150.46910095214844 7.20635175704956
v -307.79376220703125 162.03305053710938 12.44177436828613
v -304.6044921875 162.03305053710938 8.59716796875
v -305.07730102539062 177.48454284667969 17.28888702392578
v -301.8880615234375 177.48454284667969 13.44428062438965
v -301.2205810546875 186.00009155273438 23.58758926391602
v -298.42138671875 186.00009155273438 20.21319580078125
v -298.3475341796875 188.40065002441406 27.39203643798828
v -296.4327392578125 188.40065002441406 25.08376693725586
v -292.46517944335938 186.00787353515625 35.4854736328125
v -292.15771484375 186.00787353515625 35.11480712890625
v -291.1390380859375 183.39541625976562 37.41285705566406
v -306.82046508789062 139.06214904785156 9.43147563934326
v -307.03079223632812 122.26785278320312 9.05620956420898
v -306.66995239257812 150.46910095214844 9.70005798339844
v -305.7379150390625 161.02384948730469 11.36532115936279
v -303.11227416992188 176.03974914550781 16.05039596557617
v -299.73886108398438 184.69651794433594 22.06767463684082
v -297.42343139648438 187.62278747558594 26.19920921325684
v -292.31838989257812 186.00787353515625 35.30849838256836
v -316.01724243164062 137.80209350585938 7.59411811828613
v -313.41702270507812 138.28546142578125 8.87423419952393
v -311.48532104492188 122.26785278320312 8.3846607208252
v -313.76876831054688 122.26785278320312 7.26050424575806
v -318.749267578125 146.76676940917969 8.87533187866211
v -315.95205688476562 147.28675842285156 10.25242805480957
v -325.46780395507812 162.63925170898438 13.44334983825684
v -322.68502807617188 163.29861450195312 14.99615669250488
v -333.31912231445312 173.08418273925781 19.0460033416748
v -330.53634643554688 173.74354553222656 20.59881019592285
v -340.65304565429688 182.66392517089844 24.57273483276367
v -338.21060180664062 183.24264526367188 25.93562507629395
v -345.33670043945312 187.15214538574219 28.81262588500977
v -343.66595458984375 187.54801940917969 29.74491882324219
v -352.8936767578125 189.22732543945312 36.67087554931641
v -352.6253662109375 189.2908935546875 36.82058334350586
v -355.49798583984375 188.66773986816406 39.19216156005859
v -314.9581298828125 137.82830810546875 8.50040626525879
v -312.63339233398438 122.26785278320312 7.81945753097534
v -317.75961303710938 146.65791320800781 10.0228910446167
v -324.55160522460938 162.18719482421875 14.79372024536133
v -332.23348999023438 172.39155578613281 20.2780876159668
v -339.63720703125 182.27156066894531 25.55698204040527
v -344.38519287109375 186.75726318359375 29.26257705688477
v -352.76556396484375 189.25767517089844 36.74235153198242
v -309.127197265625 108.64411926269531 24.92110633850098
v -313.273681640625 108.64411926269531 21.43493461608887
v -322.77252197265625 99.68568420410156 25.51029014587402
v -320.86419677734375 99.68568420410156 21.15254020690918
v -311.95950317382812 122.26785278320312 11.58752918243408
v -306.77127075195312 122.26785278320312 8.93345642089844
v -311.10711669921875 135.06086730957031 13.53449630737305
v -305.69125366210938 135.06086730957031 10.76396751403809
v -307.92474365234375 152.83021545410156 19.75548934936523
v -302.50885009765625 152.83021545410156 16.98496055603027
v -303.30374145507812 162.62318420410156 27.97183799743652
v -298.55026245117188 162.62318420410156 25.54015731811523
v -299.70501708984375 165.38383483886719 33.15464782714844
v -296.453369140625 165.38383483886719 31.49124336242676
v -292.39041137695312 162.63212585449219 44.08736801147461
v -291.86825561523438 162.63212585449219 43.82025909423828
v -290.75949096679688 159.62779235839844 46.66066360473633
v -310.8421630859375 108.64411926269531 22.7724437713623
v -321.81304931640625 99.68568420410156 23.31930160522461
v -308.95443725585938 122.26785278320312 11.09285736083984
v -307.86288452148438 133.90028381347656 13.22964477539062
v -304.786865234375 151.168701171875 19.24267196655273
v -300.83444213867188 161.12406921386719 26.96599006652832
v -298.12185668945312 164.48930358886719 32.26858139038086
v -292.14111328125 162.63212585449219 43.95983505249023
v -303.037109375 135.22198486328125 -0.99079376459122
v -302.95166015625 135.22198486328125 -4.05331420898438
v -303.18917846679688 122.26785278320312 -3.81095218658447
v -303.26422119140625 122.26785278320312 -1.12154650688171
v -302.619140625 143.24951171875 -0.97596496343613
v -302.5272216796875 143.24951171875 -4.27049875259399
v -300.52655029296875 154.22933959960938 -1.40682399272919
v -300.43060302734375 154.22933959960938 -4.84591674804688
v -297.66448974609375 165.92568969726562 -2.094318151474
v -297.56851196289062 165.92568969726562 -5.53341102600098
v -294.67318725585938 176.79518127441406 -3.02174663543701
v -294.5889892578125 176.79518127441406 -6.04022216796875
v -291.48928833007812 182.70928955078125 -4.26018476486206
v -291.43167114257812 182.70928955078125 -6.32498788833618
v -283.34033203125 188.67732238769531 -7.07844161987305
v -283.33108520507812 188.67732238769531 -7.41000938415527
v -281.6419677734375 188.33706665039062 -7.64364576339722
v -302.62109375 135.1126708984375 -2.60429835319519
v -303.2269287109375 122.26785278320312 -2.45877361297607
v -301.93255615234375 143.06196594238281 -2.76969003677368
v -299.51727294921875 153.94792175292969 -3.34909605979919
v -296.70840454101562 165.38127136230469 -4.02380418777466
v -294.02593994140625 176.43235778808594 -4.66892147064209
v -291.26361083984375 182.22801208496094 -5.33245372772217
v -283.33590698242188 188.67732238769531 -7.23674964904785
v -316.44955444335938 141.58145141601562 12.07707786560059
v -313.07833862304688 141.58145141601562 9.17502021789551
v -313.28369140625 122.26785278320312 9.35180282592773
v -316.24420166015625 122.26785278320312 11.90029525756836
v -316.57723999023438 154.69955444335938 12.1870059967041
v -312.95065307617188 154.69955444335938 9.06509113311768
v -316.08905029296875 167.99819946289062 13.84404754638672
v -312.30331420898438 167.99819946289062 10.58514785766602
v -314.21902465820312 185.76754760742188 19.07629776000977
v -310.43325805664062 185.76754760742188 15.81739902496338
v -311.46670532226562 195.56051635742188 25.92997550964355
v -308.14398193359375 195.56051635742188 23.06965446472168
v -309.26837158203125 198.3211669921875 30.16028022766113
v -306.99545288085938 198.3211669921875 28.20366287231445
v -304.81814575195312 195.5694580078125 39.12136840820312
v -304.45315551757812 195.5694580078125 38.80717086791992
v -303.83200073242188 192.56512451171875 41.242919921875
v -314.62741088867188 141.58145141601562 11.03821563720703
v -314.77218627929688 122.26785278320312 10.63313293457031
v -314.52377319335938 154.69955444335938 11.32813930511475
v -313.88247680664062 166.83761596679688 13.12552070617676
v -312.074951171875 184.10603332519531 18.18285751342773
v -309.75225830078125 194.0614013671875 24.67845153808594
v -308.15829467773438 197.4266357421875 29.13826560974121
v -304.64385986328125 195.5694580078125 38.97135162353516
v -306.7501220703125 139.53944396972656 4.37635278701782
v -305.92156982421875 140.07687377929688 1.59906101226807
v -306.7264404296875 122.26785278320312 -0.22392217814922
v -307.45404052734375 122.26785278320312 2.21500468254089
v -305.03125 149.5067138671875 6.85645341873169
v -304.13992309570312 150.08485412597656 3.86875700950623
v -299.40673828125 167.15437316894531 12.71909618377686
v -298.33978271484375 167.88748168945312 9.71633720397949
v -292.57321166992188 178.7674560546875 19.5261287689209
v -291.5062255859375 179.50057983398438 16.52337074279785
v -285.90078735351562 189.41859436035156 25.83565139770508
v -284.96432495117188 190.06204223632812 23.20014381408691
v -280.93917846679688 194.40878295898438 29.74664878845215
v -280.298583984375 194.84893798828125 27.94381713867188
v -271.93072509765625 196.71604919433594 35.88727188110352
v -271.82785034179688 196.78672790527344 35.59777069091797
v -269.01043701171875 196.09388732910156 38.03464508056641
v -306.03314208984375 139.56857299804688 3.18095016479492
v -307.09225463867188 122.26785278320312 1.00232088565826
v -304.06478881835938 149.38568115234375 5.68930292129517
v -298.22808837890625 166.65176391601562 11.59053421020508
v -291.5394287109375 177.99737548828125 18.25022315979004
v -285.0997314453125 188.98236083984375 24.66989707946777
v -280.65423583984375 193.96974182128906 28.73343658447266
v -271.88162231445312 196.74978637695312 35.74905014038086
v -300.0322265625 122.26785278320312 2.47702860832214
v -304.49285888671875 122.26785278320312 -1.27325189113617
v -298.56912231445312 135.06086730957031 0.93544548749924
v -303.2254638671875 135.06086730957031 -2.97939157485962
v -294.07229614257812 152.83021545410156 -4.41311407089233
v -298.72866821289062 152.83021545410156 -8.3279504776001
v -288.29544067382812 162.62318420410156 -11.86226367950439
v -292.38232421875 162.62318420410156 -15.29829788208008
v -284.91702270507812 165.38383483886719 -17.19129943847656
v -287.71267700195312 165.38383483886719 -19.54173469543457
v -277.68307495117188 162.63212585449219 -28.17754936218262
v -278.13201904296875 162.63212585449219 -28.55498504638672
v -275.94512939453125 159.62779235839844 -30.6798210144043
v -301.65512084960938 122.26785278320312 -0.10005715489388
v -300.10995483398438 133.90028381347656 -1.93577325344086
v -295.76348876953125 151.168701171875 -7.10553073883057
v -290.18130493164062 161.12406921386719 -13.74713611602783
v -286.348388671875 164.48930358886719 -18.30608940124512
v -277.89743041992188 162.63212585449219 -28.35775756835938
v -317.37948608398438 135.22198486328125 -6.99030256271362
v -320.41339111328125 135.22198486328125 -6.56381893157959
v -320.13479614257812 122.26785278320312 -6.37004041671753
v -317.47055053710938 122.26785278320312 -6.74456405639648
v -317.4345703125 143.24951171875 -7.40489530563354
v -320.69830322265625 143.24951171875 -6.94610166549683
v -318.2083740234375 154.22933959960938 -9.39631652832031
v -321.61532592773438 154.22933959960938 -8.91739273071289
v -319.36355590820312 165.92568969726562 -12.10366439819336
v -322.77047729492188 165.92568969726562 -11.62473964691162
v -320.77685546875 176.79518127441406 -14.89838981628418
v -323.76708984375 176.79518127441406 -14.47803974151611
v -322.5289306640625 182.70928955078125 -17.83116912841797
v -324.57440185546875 182.70928955078125 -17.54362678527832
v -326.66668701171875 188.67732238769531 -25.39602661132812
v -326.99517822265625 188.67732238769531 -25.349853515625
v -327.50723266601562 188.33706665039062 -26.9763355255127
v -319.039794921875 135.1126708984375 -7.13141918182373
v -318.79525756835938 122.26785278320312 -6.55834341049194
v -319.31768798828125 143.06196594238281 -7.78273105621338
v -320.29177856445312 153.94792175292969 -10.06756210327148
v -321.42547607421875 165.38127136230469 -12.72455978393555
v -322.5089111328125 176.43235778808594 -15.26189041137695
v -323.62380981445312 182.22801208496094 -17.87487602233887
v -326.82351684570312 188.67732238769531 -25.37398147583008
v -302.25784301757812 141.58145141601562 4.05500221252441
v -305.68148803710938 141.58145141601562 1.21496939659119
v -305.47293090820312 122.26785278320312 1.3879736661911
v -302.46640014648438 122.26785278320312 3.88199782371521
v -302.128173828125 154.69955444335938 4.16258096694946
v -305.8111572265625 154.69955444335938 1.10739052295685
v -300.57574462890625 167.99819946289062 3.4048798084259
v -304.42034912109375 167.99819946289062 0.21563231945038
v -295.7286376953125 185.76754760742188 0.68844366073608
v -299.5732421875 185.76754760742188 -2.50080370903015
v -289.429931640625 195.56051635742188 -3.16828632354736
v -292.8043212890625 195.56051635742188 -5.96747398376465
v -285.62548828125 198.3211669921875 -6.0413236618042
v -287.93374633789062 198.3211669921875 -7.95612192153931
v -277.53204345703125 195.5694580078125 -11.92367458343506
v -277.9027099609375 195.5694580078125 -12.2311544418335
v -275.60464477539062 192.56512451171875 -13.24981498718262
v -303.58602905273438 141.58145141601562 2.43161082267761
v -303.9613037109375 122.26785278320312 2.64191842079163
v -303.31747436523438 154.69955444335938 2.28109097480774
v -301.65219116210938 166.83761596679688 1.34903264045715
v -296.96713256835938 184.10603332519531 -1.27659332752228
v -290.9498291015625 194.0614013671875 -4.65001249313354
v -286.81829833984375 197.4266357421875 -6.9654221534729
v -277.70901489257812 195.5694580078125 -12.070481300354
v -299.56301879882812 139.53944396972656 10.1768798828125
v -303.07278442382812 140.07687377929688 8.33200740814209
v -305.10888671875 122.26785278320312 9.0132303237915
v -302.02676391601562 122.26785278320312 10.63333797454834
v -296.916748046875 149.5067138671875 8.37479591369629
v -300.6923828125 150.08485412597656 6.3901572227478
v -290.97109985351562 167.15437316894531 1.92453742027283
v -294.79974365234375 167.88748168945312 -0.31024131178856
v -284.1278076171875 178.7674560546875 -5.98990964889526
v -287.95645141601562 179.50057983398438 -8.22468852996826
v -277.85183715820312 189.41859436035156 -13.8005256652832
v -281.21221923828125 190.06204223632812 -15.7619800567627
v -274.12545776367188 194.40878295898438 -19.80036544799805
v -276.42413330078125 194.84893798828125 -21.1421070098877
v -268.51644897460938 196.71604919433594 -30.92986106872559
v -268.88558959960938 196.78672790527344 -31.14531898498535
v -266.50936889648438 196.09388732910156 -34.49922180175781
v -301.14520263671875 139.56857299804688 8.87726211547852
v -303.55926513671875 122.26785278320312 9.82778739929199
v -298.514404296875 149.38568115234375 6.73211860656738
v -292.56436157226562 166.65176391601562 -0.00638889055699
v -285.86981201171875 177.99737548828125 -7.75377416610718
v -279.41497802734375 188.98236083984375 -15.21082019805908
v -275.40243530273438 193.96974182128906 -20.44913482666016
v -268.69268798828125 196.74978637695312 -31.0327320098877
v -311.7939453125 122.26785278320312 -1.72587811946869
v -313.96701049804688 122.26785278320312 3.23644399642944
v -322.77252197265625 95.1539306640625 25.51029014587402
v -320.86419677734375 95.1539306640625 21.15254020690918
v -311.71163940429688 135.20698547363281 -1.91384828090668
v -314.04931640625 135.20698547363281 3.42441391944885
v -313.60369873046875 151.17437744140625 -2.88198447227478
v -316.04397583007812 151.17437744140625 2.69051241874695
v -320.00460815429688 172.50965881347656 -5.68500995635986
v -322.44485473632812 172.50965881347656 -0.112513191998
v -328.7821044921875 184.26785278320312 -9.12265968322754
v -330.92388916015625 184.26785278320312 -4.23170518875122
v -334.84835815429688 187.58251953125 -10.8583517074585
v -336.3134765625 187.58251953125 -7.51267051696777
v -347.43051147460938 184.27859497070312 -14.69471740722656
v -347.665771484375 184.27859497070312 -14.15746593475342
v -350.32174682617188 180.67135620117188 -15.65513134002686
v -313.3707275390625 122.26785278320312 0.52615809440613
v -321.81304931640625 95.1539306640625 23.31930160522461
v -313.72540283203125 135.20698547363281 0.37084025144577
v -315.92282104492188 149.7808837890625 -0.59291005134583
v -322.10971069335938 170.51470947265625 -3.30223083496094
v -330.05755615234375 182.46791076660156 -6.78119993209839
v -335.51348876953125 186.50846862792969 -9.1704158782959
v -347.54281616210938 184.27859497070312 -14.43820476531982
v -270.02972412109375 133.44563293457031 -78.85537719726562
v -269.6214599609375 134.119140625 -74.98089599609375
v -268.73455810546875 112.65201568603516 -73.85901641845703
v -269.09310913085938 112.65201568603516 -77.26145935058594
v -310.71026611328125 106.92038726806641 25.55814743041992
v -309.2689208984375 107.64490509033203 21.68124961853027
v -310.3978271484375 122.26785278320312 -0.50097328424454
v -306.15682983398438 122.26785278320312 -1.35480010509491
v -311.99090576171875 134.51576232910156 -5.31122779846191
v -307.74993896484375 135.43449401855469 -6.16505432128906
v -313.17428588867188 147.86363220214844 -10.01656436920166
v -309.45199584960938 148.66999816894531 -10.76596450805664
v -313.19204711914062 154.11727905273438 -13.53519248962402
v -310.64578247070312 154.66886901855469 -14.04782295227051
v -311.98123168945312 162.54425048828125 -17.42642211914062
v -311.56881713867188 162.51199340820312 -17.49691200256348
v -311.62384033203125 166.47357177734375 -18.83985328674316
v -270.01934814453125 133.48214721679688 -76.80799102783203
v -268.91485595703125 112.65201568603516 -75.56969451904297
v -310.26364135742188 106.76870727539062 23.35305595397949
v -308.12973022460938 122.26785278320312 -1.38885772228241
v -309.68572998046875 133.55070495605469 -6.09720039367676
v -311.1925048828125 147.31695556640625 -10.63007354736328
v -311.82608032226562 153.56707763671875 -13.7685718536377
v -311.78433227539062 162.52885437011719 -17.4600772857666
v -310.80581665039062 122.26785278320312 -5.96331834793091
v -309.36444091796875 122.26785278320312 -2.02787971496582
v -315.02276611328125 136.78633117675781 -5.32529020309448
v -313.60635375976562 137.70506286621094 -1.17593789100647
v -319.97607421875 151.3397216796875 -4.24089241027832
v -318.5596923828125 152.25845336914062 -0.0915399864316
v -324.63107299804688 164.68759155273438 -2.85216999053955
v -323.38790893554688 165.49395751953125 0.78969699144363
v -327.6719970703125 170.94122314453125 -1.0551769733429
v -326.82159423828125 171.49282836914062 1.43605995178223
v -330.4105224609375 179.36820983886719 2.00835847854614
v -330.26199340820312 179.33595275878906 2.40539383888245
v -331.44711303710938 183.29753112792969 3.04904580116272
v -310.35916137695312 122.26785278320312 -3.72493100166321
v -314.63687133789062 136.15647888183594 -2.88405776023865
v -319.48355102539062 150.37466430664062 -1.819695353508
v -324.15402221679688 164.14091491699219 -0.80268204212189
v -327.179931640625 170.39103698730469 0.25982165336609
v -330.33963012695312 179.35281372070312 2.19792413711548
v -320.4512939453125 122.26785278320312 -2.88826870918274
v -320.0030517578125 122.26785278320312 1.04925942420959
v -329.39291381835938 107.87722778320312 25.24688529968262
v -329.72796630859375 107.8599853515625 21.78108406066895
v -322.1502685546875 134.74125671386719 -4.28589916229248
v -321.66806030273438 135.33598327636719 -0.05006801709533
v -328.54833984375 153.29959106445312 -6.0319972038269
v -328.22552490234375 154.07350158691406 -1.61758983135223
v -337.39874267578125 166.08482360839844 -7.62611436843872
v -337.075927734375 166.85873413085938 -3.21170711517334
v -345.97341918945312 177.87338256835938 -8.78596973419189
v -345.6900634765625 178.55264282226562 -4.91146516799927
v -352.36007690429688 183.7034912109375 -8.70677471160889
v -352.166259765625 184.16813659667969 -6.05640125274658
v -364.3597412109375 187.5533447265625 -7.35143184661865
v -364.32861328125 187.62796020507812 -6.92583274841309
v -368.49063110351562 187.44784545898438 -7.06795215606689
v -320.66378784179688 122.26785278320312 -0.85363811254501
v -329.56137084960938 107.86856079101562 23.50435066223145
v -322.65753173828125 134.72091674804688 -2.04809617996216
v -329.34445190429688 152.93351745605469 -3.63369655609131
v -338.00845336914062 165.42648315429688 -5.19020509719849
v -346.34585571289062 177.51591491699219 -6.69883584976196
v -352.25711059570312 183.27252197265625 -7.27568387985229
v -364.34487915039062 187.58897399902344 -7.14822816848755
v -309.4671630859375 139.53944396972656 5.91395711898804
v -312.14837646484375 140.07687377929688 7.01444292068481
v -313.06082153320312 122.26785278320312 8.78601741790771
v -310.706298828125 122.26785278320312 7.81960725784302
v -308.61782836914062 149.5067138671875 3.01843118667603
v -311.50213623046875 150.08485412597656 4.20228862762451
v -307.59103393554688 167.15437316894531 -5.04079723358154
v -310.59744262695312 167.88748168945312 -3.98412823677063
v -306.5892333984375 178.7674560546875 -14.63400077819824
v -309.59564208984375 179.50057983398438 -13.57733154296875
v -305.87326049804688 189.41859436035156 -23.78923797607422
v -308.511962890625 190.06204223632812 -22.86180305480957
v -305.9482421875 194.40878295898438 -30.10650062561035
v -307.75323486328125 194.84893798828125 -29.47208595275879
v -306.83145141601562 196.71604919433594 -40.97294616699219
v -307.12130737304688 196.78672790527344 -40.87107086181641
v -306.99581909179688 196.09388732910156 -44.59404373168945
v -310.84762573242188 139.56857299804688 6.10729837417603
v -311.87701416015625 122.26785278320312 8.30012607574463
v -310.133056640625 149.38568115234375 2.99994158744812
v -309.2095947265625 166.65176391601562 -5.24862766265869
v -308.23138427734375 177.99737548828125 -14.63653659820557
v -307.28347778320312 188.98236083984375 -23.6799373626709
v -306.91549682617188 193.96974182128906 -29.69155883789062
v -306.9698486328125 196.74978637695312 -40.9243049621582
v -321.37774658203125 133.9188232421875 6.93576192855835
v -321.48458862304688 133.9188232421875 9.9976110458374
v -321.245361328125 122.26785278320312 9.75691318511963
v -321.15155029296875 122.26785278320312 7.06809711456299
v -321.79562377929688 141.1387939453125 6.9180154800415
v -321.9105224609375 141.1387939453125 10.21182727813721
v -323.89114379882812 151.01406860351562 7.33425521850586
v -324.0111083984375 151.01406860351562 10.7725944519043
v -326.75796508789062 161.53376770019531 8.00175189971924
v -326.8779296875 161.53376770019531 11.44009113311768
v -329.75564575195312 171.309814453125 8.90827465057373
v -329.86093139648438 171.309814453125 11.92608833312988
v -332.9481201171875 176.62896728515625 10.12445545196533
v -333.0201416015625 176.62896728515625 12.18880558013916
v -341.11654663085938 181.99662780761719 12.88575267791748
v -341.12811279296875 181.99662780761719 13.21724796295166
v -342.81881713867188 181.69061279296875 13.4390869140625
v -321.80502319335938 133.82051086425781 8.5463228225708
v -321.19821166992188 122.26785278320312 8.40503120422363
v -322.49472045898438 140.97010803222656 8.7069034576416
v -324.91397094726562 150.76095581054688 9.26943397521973
v -327.72747802734375 161.04412841796875 9.92451667785645
v -330.41439819335938 170.98348999023438 10.55089092254639
v -333.1812744140625 176.19610595703125 11.19512176513672
v -341.1220703125 181.99662780761719 13.04402637481689
v -313.64151000976562 140.46286010742188 -13.5662317276001
v -317.03289794921875 140.46286010742188 -10.68777942657471
v -316.82632446289062 122.26785278320312 -10.86312389373779
v -313.84811401367188 122.26785278320312 -13.3908863067627
v -313.5130615234375 152.82121276855469 -13.67526531219482
v -317.161376953125 152.82121276855469 -10.57874488830566
v -313.98965454101562 165.34962463378906 -15.33567523956299
v -317.79806518554688 165.34962463378906 -12.10328388214111
v -315.82315063476562 182.08982849121094 -20.58085250854492
v -319.63156127929688 182.08982849121094 -17.34846305847168
v -318.52752685546875 191.31561279296875 -27.45357704162598
v -321.87014770507812 191.31561279296875 -24.61652374267578
v -320.6962890625 193.9163818359375 -31.69912528991699
v -322.98281860351562 193.9163818359375 -29.75842475891113
v -325.0838623046875 191.32405090332031 -40.69106292724609
v -325.45101928710938 191.32405090332031 -40.37942504882812
v -326.05514526367188 188.49369812011719 -42.81945037841797
v -315.47088623046875 140.46286010742188 -12.54011535644531
v -315.32894897460938 122.26785278320312 -12.13403224945068
v -315.57247924804688 152.82121276855469 -12.83075523376465
v -316.20120239257812 164.25625610351562 -14.63257026672363
v -317.973388671875 180.52455139160156 -19.70240211486816
v -320.25067138671875 189.9033203125 -26.21405220031738
v -321.8134765625 193.07365417480469 -30.68488693237305
v -325.2591552734375 191.32405090332031 -40.54227066040039
v -301.37759399414062 137.90751647949219 -7.62898015975952
v -303.80389404296875 138.3941650390625 -4.49291801452637
v -303.486572265625 122.26785278320312 -2.36943054199219
v -301.35589599609375 122.26785278320312 -5.12341785430908
v -302.69277954101562 146.93302917480469 -10.5479793548584
v -305.30288696289062 147.45654296875 -7.17433309555054
v -308.0125732421875 162.91322326660156 -17.52338027954102
v -310.87823486328125 163.57707214355469 -14.14097499847412
v -314.61846923828125 173.42904663085938 -25.63702774047852
v -317.484130859375 174.0928955078125 -22.25462341308594
v -321.22061157226562 183.07380676269531 -33.17397308349609
v -323.73577880859375 183.65646362304688 -30.20525169372559
v -326.48220825195312 187.59248352050781 -37.88559722900391
v -328.20272827148438 187.99105834960938 -35.85482788085938
v -336.4686279296875 189.68174743652344 -45.34199905395508
v -336.74493408203125 189.74575805664062 -45.01589965820312
v -339.63525390625 189.11836242675781 -47.93841552734375
v -302.93218994140625 137.93389892578125 -6.29652500152588
v -302.41531372070312 122.26785278320312 -3.75407958030701
v -304.58792114257812 146.82344055175781 -9.25985813140869
v -310.19085693359375 162.45811462402344 -16.28961563110352
v -316.65802001953125 172.73171997070312 -24.227783203125
v -322.88092041015625 182.67878723144531 -31.87947654724121
v -327.34286499023438 187.19493103027344 -36.74066543579102
v -336.60055541992188 189.71231079101562 -45.18630218505859
v -315.31964111328125 135.22198486328125 3.37879657745361
v -312.94705200195312 135.22198486328125 5.7854528427124
v -312.84719848632812 122.26785278320312 5.39791488647461
v -314.93069458007812 122.26785278320312 3.28446769714355
v -315.85260009765625 143.24951171875 3.72446370124817
v -313.30029296875 143.24951171875 6.31344604492188
v -318.11209106445312 154.22933959960938 5.83993721008301
v -315.44778442382812 154.22933959960938 8.54251956939697
v -321.12295532226562 165.92568969726562 8.80815601348877
v -318.45867919921875 165.92568969726562 11.51073837280273
v -324.10064697265625 176.79518127441406 12.06955051422119
v -321.76220703125 176.79518127441406 14.44159507751465
v -327.06668090820312 182.70928955078125 15.73244380950928
v -325.467041015625 182.70928955078125 17.35505294799805
v -334.94247436523438 188.67732238769531 24.83956527709961
v -334.68560791015625 188.67732238769531 25.10012435913086
v -336.601806640625 188.33706665039062 26.72072219848633
v -314.53207397460938 135.1126708984375 4.96361207962036
v -313.89474487304688 122.26785278320312 4.33531618118286
v -315.25640869140625 143.06196594238281 5.6776819229126
v -317.7978515625 153.94792175292969 8.18195152282715
v -320.75274658203125 165.38127136230469 11.09496784210205
v -323.57406616210938 176.43235778808594 13.87751007080078
v -326.47998046875 182.22801208496094 16.74227523803711
v -334.81982421875 188.67732238769531 24.96397018432617
v -322.06765747070312 143.79135131835938 -13.54868698120117
v -324.86172485351562 143.99076843261719 -8.91183471679688
v -323.08120727539062 122.26785278320312 -7.3598575592041
v -320.6275634765625 122.26785278320312 -11.43179035186768
v -323.0054931640625 156.80616760253906 -14.91324424743652
v -326.01119995117188 157.02069091796875 -9.92510890960693
v -325.80728149414062 169.7593994140625 -17.3079662322998
v -328.94488525390625 169.98333740234375 -12.10095977783203
v -333.18173217773438 186.59658813476562 -22.47569274902344
v -336.31930541992188 186.82051086425781 -17.26868629455566
v -342.18765258789062 195.25003051757812 -27.83993721008301
v -344.94149780273438 195.44657897949219 -23.26977157592773
v -348.17636108398438 197.30348205566406 -30.55144691467285
v -350.06015014648438 197.43792724609375 -27.42520332336426
v -359.89236450195312 193.12794494628906 -35.64064788818359
v -360.19485473632812 193.1495361328125 -35.13863372802734
v -362.38558959960938 189.80743408203125 -36.67304611206055
v -323.91934204101562 143.82844543457031 -11.51698398590088
v -321.84756469726562 122.26785278320312 -9.40714263916016
v -325.29330444335938 156.80633544921875 -12.90301036834717
v -328.30508422851562 168.5802001953125 -15.2257604598999
v -335.44039916992188 184.94692993164062 -20.22916603088379
v -343.6339111328125 193.83332824707031 -25.54693984985352
v -348.98239135742188 196.489990234375 -28.88404083251953
v -360.03677368164062 193.13824462890625 -35.40096282958984
# 488 vertices

o Grass_20
usemtl Mat
f 19 3 2 18
f 18 20 5 1
f 20 6 8 21
f 21 8 10 22
f 22 10 12 23
f 23 12 14 24
f 24 14 16 25
f 17 15 25
f 18 1 4 19
f 18 2 6 20
f 21 7 5 20
f 22 9 7 21
f 23 11 9 22
f 24 13 11 23
f 25 15 13 24
f 25 16 17
f 18 2 3 19
f 1 5 20 18
f 21 8 6 20
f 22 10 8 21
f 23 12 10 22
f 24 14 12 23
f 25 16 14 24
f 25 15 17
f 19 4 1 18
f 20 6 2 18
f 20 5 7 21
f 21 7 9 22
f 22 9 11 23
f 23 11 13 24
f 24 13 15 25
f 17 16 25
f 44 28 27 43
f 43 45 30 26
f 45 31 33 46
f 46 33 35 47
f 47 35 37 48
f 48 37 39 49
f 49 39 41 50
f 42 40 50
f 43 26 29 44
f 43 27 31 45
f 46 32 30 45
f 47 34 32 46
f 48 36 34 47
f 49 38 36 48
f 50 40 38 49
f 50 41 42
f 43 27 28 44
f 26 30 45 43
f 46 33 31 45
f 47 35 33 46
f 48 37 35 47
f 49 39 37 48
f 50 41 39 49
f 50 40 42
f 44 29 26 43
f 45 31 27 43
f 45 30 32 46
f 46 32 34 47
f 47 34 36 48
f 48 36 38 49
f 49 38 40 50
f 42 41 50
f 72 59 61 73
f 67 66 75
f 70 56 58 71
f 71 58 60 72
f 72 60 62 73
f 73 62 64 74
f 74 64 66 75
f 67 65 75
f 73 61 63 74
f 71 57 59 72
f 71 57 55 70
f 72 59 57 71
f 73 61 59 72
f 74 63 61 73
f 75 65 63 74
f 75 66 67
f 74 63 65 75
f 70 55 57 71
f 71 58 56 70
f 72 60 58 71
f 73 62 60 72
f 74 64 62 73
f 75 66 64 74
f 75 65 67
f 93 77 78 94
f 76 80 95 93
f 96 83 81 95
f 97 85 83 96
f 98 87 85 97
f 99 89 87 98
f 100 91 89 99
f 100 90 92
f 94 79 76 93
f 95 81 77 93
f 95 80 82 96
f 96 82 84 97
f 97 84 86 98
f 98 86 88 99
f 99 88 90 100
f 92 91 100
f 94 78 77 93
f 93 95 80 76
f 95 81 83 96
f 96 83 85 97
f 97 85 87 98
f 98 87 89 99
f 99 89 91 100
f 92 90 100
f 93 76 79 94
f 93 77 81 95
f 96 82 80 95
f 97 84 82 96
f 98 86 84 97
f 99 88 86 98
f 100 90 88 99
f 100 91 92
f 119 103 102 118
f 118 120 105 101
f 120 106 108 121
f 121 108 110 122
f 122 110 112 123
f 123 112 114 124
f 124 114 116 125
f 117 115 125
f 118 101 104 119
f 118 102 106 120
f 121 107 105 120
f 122 109 107 121
f 123 111 109 122
f 124 113 111 123
f 125 115 113 124
f 125 116 117
f 118 102 103 119
f 101 105 120 118
f 121 108 106 120
f 122 110 108 121
f 123 112 110 122
f 124 114 112 123
f 125 116 114 124
f 125 115 117
f 119 104 101 118
f 120 106 102 118
f 120 105 107 121
f 121 107 109 122
f 122 109 111 123
f 123 111 113 124
f 124 113 115 125
f 117 116 125
f 144 128 127 143
f 143 145 130 126
f 145 131 133 146
f 146 133 135 147
f 147 135 137 148
f 148 137 139 149
f 149 139 141 150
f 142 140 150
f 143 126 129 144
f 143 127 131 145
f 146 132 130 145
f 147 134 132 146
f 148 136 134 147
f 149 138 136 148
f 150 140 138 149
f 150 141 142
f 143 127 128 144
f 126 130 145 143
f 146 133 131 145
f 147 135 133 146
f 148 137 135 147
f 149 139 137 148
f 150 141 139 149
f 150 140 142
f 144 129 126 143
f 145 131 127 143
f 145 130 132 146
f 146 132 134 147
f 147 134 136 148
f 148 136 138 149
f 149 138 140 150
f 142 141 150
f 166 155 157 167
f 163 162 169
f 164 152 154 165
f 165 154 156 166
f 166 156 158 167
f 167 158 160 168
f 168 160 162 169
f 163 161 169
f 167 157 159 168
f 165 153 155 166
f 165 153 151 164
f 166 155 153 165
f 167 157 155 166
f 168 159 157 167
f 169 161 159 168
f 169 162 163
f 168 159 161 169
f 164 151 153 165
f 165 154 152 164
f 166 156 154 165
f 167 158 156 166
f 168 160 158 167
f 169 162 160 168
f 169 161 163
f 187 171 172 188
f 170 174 189 187
f 190 177 175 189
f 191 179 177 190
f 192 181 179 191
f 193 183 181 192
f 194 185 183 193
f 194 184 186
f 188 173 170 187
f 189 175 171 187
f 189 174 176 190
f 190 176 178 191
f 191 178 180 192
f 192 180 182 193
f 193 182 184 194
f 186 185 194
f 188 172 171 187
f 187 189 174 170
f 189 175 177 190
f 190 177 179 191
f 191 179 181 192
f 192 181 183 193
f 193 183 185 194
f 186 184 194
f 187 170 173 188
f 187 171 175 189
f 190 176 174 189
f 191 178 176 190
f 192 180 178 191
f 193 182 180 192
f 194 184 182 193
f 194 185 186
f 213 197 196 212
f 212 214 199 195
f 214 200 202 215
f 215 202 204 216
f 216 204 206 217
f 217 206 208 218
f 218 208 210 219
f 211 209 219
f 212 195 198 213
f 212 196 200 214
f 215 201 199 214
f 216 203 201 215
f 217 205 203 216
f 218 207 205 217
f 219 209 207 218
f 219 210 211
f 212 196 197 213
f 195 199 214 212
f 215 202 200 214
f 216 204 202 215
f 217 206 204 216
f 218 208 206 217
f 219 210 208 218
f 219 209 211
f 213 198 195 212
f 214 200 196 212
f 214 199 201 215
f 215 201 203 216
f 216 203 205 217
f 217 205 207 218
f 218 207 209 219
f 211 210 219
f 238 222 221 237
f 237 239 224 220
f 239 225 227 240
f 240 227 229 241
f 241 229 231 242
f 242 231 233 243
f 243 233 235 244
f 236 234 244
f 237 220 223 238
f 237 221 225 239
f 240 226 224 239
f 241 228 226 240
f 242 230 228 241
f 243 232 230 242
f 244 234 232 243
f 244 235 236
f 237 221 222 238
f 220 224 239 237
f 240 227 225 239
f 241 229 227 240
f 242 231 229 241
f 243 233 231 242
f 244 235 233 243
f 244 234 236
f 238 223 220 237
f 239 225 221 237
f 239 224 226 240
f 240 226 228 241
f 241 228 230 242
f 242 230 232 243
f 243 232 234 244
f 236 235 244
f 266 253 255 267
f 262 264 249 245
f 264 250 252 265
f 265 252 254 266
f 266 254 256 267
f 267 256 258 268
f 268 258 260 269
f 261 259 269
f 267 255 257 268
f 262 246 250 264
f 265 251 249 264
f 266 253 251 265
f 267 255 253 266
f 268 257 255 267
f 269 259 257 268
f 269 260 261
f 268 257 259 269
f 245 249 264 262
f 265 252 250 264
f 266 254 252 265
f 267 256 254 266
f 268 258 256 267
f 269 260 258 268
f 269 259 261
f 261 260 269
f 264 250 246 262
f 264 249 251 265
f 265 251 253 266
f 292 280 278 291
f 293 282 280 292
f 293 282 284 294
f 290 277 279 291
f 291 279 281 292
f 292 281 283 293
f 293 283 285 294
f 286 284 294
f 294 284 282 293
f 294 285 286
f 286 285 294
f 291 278 276 290
f 291 278 280 292
f 292 280 282 293
f 290 276 278 291
f 291 279 277 290
f 292 281 279 291
f 293 283 281 292
f 294 285 283 293
f 294 284 286
f 311 301 299 310
f 312 303 301 311
f 308 296 298 309
f 309 298 300 310
f 310 300 302 311
f 311 302 304 312
f 312 304 306 313
f 307 305 313
f 313 305 303 312
f 313 306 307
f 309 297 295 308
f 310 299 297 309
f 310 299 301 311
f 311 301 303 312
f 309 298 296 308
f 310 300 298 309
f 311 302 300 310
f 312 304 302 311
f 313 306 304 312
f 313 305 307
f 312 303 305 313
f 307 306 313
f 308 295 297 309
f 309 297 299 310
f 335 322 324 336
f 331 333 318 314
f 333 319 321 334
f 334 321 323 335
f 335 323 325 336
f 336 325 327 337
f 337 327 329 338
f 330 328 338
f 336 324 326 337
f 331 315 319 333
f 334 320 318 333
f 335 322 320 334
f 336 324 322 335
f 337 326 324 336
f 338 328 326 337
f 338 329 330
f 337 326 328 338
f 314 318 333 331
f 334 321 319 333
f 335 323 321 334
f 336 325 323 335
f 337 327 325 336
f 338 329 327 337
f 338 328 330
f 330 329 338
f 333 319 315 331
f 333 318 320 334
f 334 320 322 335
f 357 341 340 356
f 356 358 343 339
f 358 344 346 359
f 359 346 348 360
f 360 348 350 361
f 361 350 352 362
f 362 352 354 363
f 355 353 363
f 356 339 342 357
f 356 340 344 358
f 359 345 343 358
f 360 347 345 359
f 361 349 347 360
f 362 351 349 361
f 363 353 351 362
f 363 354 355
f 356 340 341 357
f 339 343 358 356
f 359 346 344 358
f 360 348 346 359
f 361 350 348 360
f 362 352 350 361
f 363 354 352 362
f 363 353 355
f 357 342 339 356
f 358 344 340 356
f 358 343 345 359
f 359 345 347 360
f 360 347 349 361
f 361 349 351 362
f 362 351 353 363
f 355 354 363
f 381 365 366 382
f 364 368 383 381
f 384 371 369 383
f 385 373 371 384
f 386 375 373 385
f 387 377 375 386
f 388 379 377 387
f 388 378 380
f 382 367 364 381
f 383 369 365 381
f 383 368 370 384
f 384 370 372 385
f 385 372 374 386
f 386 374 376 387
f 387 376 378 388
f 380 379 388
f 382 366 365 381
f 381 383 368 364
f 383 369 371 384
f 384 371 373 385
f 385 373 375 386
f 386 375 377 387
f 387 377 379 388
f 380 378 388
f 381 364 367 382
f 381 365 369 383
f 384 370 368 383
f 385 372 370 384
f 386 374 372 385
f 387 376 374 386
f 388 378 376 387
f 388 379 380
f 407 391 390 406
f 406 408 393 389
f 408 394 396 409
f 409 396 398 410
f 410 398 400 411
f 411 400 402 412
f 412 402 404 413
f 405 403 413
f 406 389 392 407
f 406 390 394 408
f 409 395 393 408
f 410 397 395 409
f 411 399 397 410
f 412 401 399 411
f 413 403 401 412
f 413 404 405
f 406 390 391 407
f 389 393 408 406
f 409 396 394 408
f 410 398 396 409
f 411 400 398 410
f 412 402 400 411
f 413 404 402 412
f 413 403 405
f 407 392 389 406
f 408 394 390 406
f 408 393 395 409
f 409 395 397 410
f 410 397 399 411
f 411 399 401 412
f 412 401 403 413
f 405 404 413
f 432 416 415 431
f 431 433 418 414
f 433 419 421 434
f 434 421 423 435
f 435 423 425 436
f 436 425 427 437
f 437 427 429 438
f 430 428 438
f 431 414 417 432
f 431 415 419 433
f 434 420 418 433
f 435 422 420 434
f 436 424 422 435
f 437 426 424 436
f 438 428 426 437
f 438 429 430
f 431 415 416 432
f 414 418 433 431
f 434 421 419 433
f 435 423 421 434
f 436 425 423 435
f 437 427 425 436
f 438 429 427 437
f 438 428 430
f 432 417 414 431
f 433 419 415 431
f 433 418 420 434
f 434 420 422 435
f 435 422 424 436
f 436 424 426 437
f 437 426 428 438
f 430 429 438
f 456 440 441 457
f 439 443 458 456
f 459 446 444 458
f 460 448 446 459
f 461 450 448 460
f 462 452 450 461
f 463 454 452 462
f 463 453 455
f 457 442 439 456
f 458 444 440 456
f 458 443 445 459
f 459 445 447 460
f 460 447 449 461
f 461 449 451 462
f 462 451 453 463
f 455 454 463
f 457 441 440 456
f 456 458 443 439
f 458 444 446 459
f 459 446 448 460
f 460 448 450 461
f 461 450 452 462
f 462 452 454 463
f 455 453 463
f 456 439 442 457
f 456 440 444 458
f 459 445 443 458
f 460 447 445 459
f 461 449 447 460
f 462 451 449 461
f 463 453 451 462
f 463 454 455
f 482 466 465 481
f 481 483 468 464
f 483 469 471 484
f 484 471 473 485
f 485 473 475 486
f 486 475 477 487
f 487 477 479 488
f 480 478 488
f 481 464 467 482
f 481 465 469 483
f 484 470 468 483
f 485 472 470 484
f 486 474 472 485
f 487 476 474 486
f 488 478 476 487
f 488 479 480
f 481 465 466 482
f 464 468 483 481
f 484 471 469 483
f 485 473 471 484
f 486 475 473 485
f 487 477 475 486
f 488 479 477 487
f 488 478 480
f 482 467 464 481
f 483 469 465 481
f 483 468 470 484
f 484 470 472 485
f 485 472 474 486
f 486 474 476 487
f 487 476 478 488
f 480 479 488

v -416.30548095703125 -26.21916580200195 13.606858253479
v -417.6949462890625 149.55465698242188 -67.97277069091797
v -216.50042724609375 -26.21980857849121 13.6061429977417
v -217.5 149.5552978515625 -67.97205352783203
v -217.5 -36.42127227783203 99.36112213134766
v -217.5 188.05842590332031 93.52481842041016
v -417.6949462890625 -36.42191696166992 99.36041259765625
v -417.3050537109375 188.05906677246094 93.52553558349609
